0 -0.99757 0 1.367 0.804437 1.00799 0.0109329 5
1 -0.992711 0 1.367 0.804437 1.00799 0.0109329 5
2 -0.987852 0 1.367 0.804437 1.00799 0.0109329 5
3 -0.982993 0 1.367 0.804437 1.00799 0.0109329 5
4 -0.978134 0 1.367 0.804437 1.00799 0.0109329 5
5 -0.973275 0 1.367 0.804437 1.00799 0.0109329 5
6 -0.968416 0 1.367 0.804437 1.00799 0.0109329 5
7 -0.963557 0 1.367 0.804437 1.00799 0.0109329 5
8 -0.958698 0 1.367 0.804437 1.00799 0.0109329 5
9 -0.953839 0 1.367 0.804437 1.00799 0.0109329 5
10 -0.94898 0 1.367 0.804437 1.00799 0.0109329 5
11 -0.944121 0 1.367 0.804437 1.00799 0.0109329 5
12 -0.939261 0 1.367 0.804437 1.00799 0.0109329 5
13 -0.934402 0 1.367 0.804437 1.00799 0.0109329 5
14 -0.929543 0 1.367 0.804437 1.00799 0.0109329 5
15 -0.924684 0 1.367 0.804437 1.00799 0.0109329 5
16 -0.919825 0 1.367 0.804437 1.00799 0.0109329 5
17 -0.914966 0 1.367 0.804437 1.00799 0.0109329 5
18 -0.910107 0 1.367 0.804437 1.00799 0.0109329 5
19 -0.905248 0 1.367 0.804437 1.00799 0.0109329 5
20 -0.900389 0 1.367 0.804437 1.00799 0.0109329 5
21 -0.89553 0 1.367 0.804437 1.00799 0.0109329 5
22 -0.890671 0 1.367 0.804437 1.00799 0.0109329 5
23 -0.885811 0 1.367 0.804437 1.00799 0.0109329 5
24 -0.880952 0 1.367 0.804437 1.00799 0.0109329 5
25 -0.876093 0 1.367 0.804437 1.00799 0.0109329 5
26 -0.871234 0 1.367 0.804437 1.00799 0.0109329 5
27 -0.866375 0 1.367 0.804437 1.00799 0.0109329 5
28 -0.861516 0 1.367 0.804437 1.00799 0.0109329 5
29 -0.856657 0 1.367 0.804437 1.00799 0.0109329 5
30 -0.851798 0 1.367 0.804437 1.00799 0.0109329 5
31 -0.846939 0 1.367 0.804437 1.00799 0.0109329 5
32 -0.84208 0 1.367 0.804437 1.00799 0.0109329 5
33 -0.837221 0 1.367 0.804437 1.00799 0.0109329 5
34 -0.832362 0 1.367 0.804437 1.00799 0.0109329 5
35 -0.827502 0 1.367 0.804437 1.00799 0.0109329 5
36 -0.822643 0 1.367 0.804437 1.00799 0.0109329 5
37 -0.817784 0 1.367 0.804437 1.00799 0.0109329 5
38 -0.812925 0 1.367 0.804437 1.00799 0.0109329 5
39 -0.808066 0 1.367 0.804437 1.00799 0.0109329 5
40 -0.803207 0 1.367 0.804437 1.00799 0.0109329 5
41 -0.798348 0 1.367 0.804437 1.00799 0.0109329 5
42 -0.793489 0 1.367 0.804437 1.00799 0.0109329 5
43 -0.78863 0 1.367 0.804437 1.00799 0.0109329 5
44 -0.783771 0 1.367 0.804437 1.00799 0.0109329 5
45 -0.778912 0 1.367 0.804437 1.00799 0.0109329 5
46 -0.774052 0 1.367 0.804437 1.00799 0.0109329 5
47 -0.769193 0 1.367 0.804437 1.00799 0.0109329 5
48 -0.764334 0 1.367 0.804437 1.00799 0.0109329 5
49 -0.759475 0 1.367 0.804437 1.00799 0.0109329 5
50 -0.754616 0 1.367 0.804437 1.00799 0.0109329 5
51 -0.749757 0 1.367 0.804437 1.00799 0.0109329 5
52 -0.744898 0 1.367 0.804437 1.00799 0.0109329 5
53 -0.740039 0 1.367 0.804437 1.00799 0.0109329 5
54 -0.73518 0 1.367 0.804437 1.00799 0.0109329 5
55 -0.730321 0 1.367 0.804437 1.00799 0.0109329 5
56 -0.725462 0 1.367 0.804437 1.00799 0.0109329 5
57 -0.720603 0 1.367 0.804437 1.00799 0.0109329 5
58 -0.715743 0 1.367 0.804437 1.00799 0.0109329 5
59 -0.710884 0 1.367 0.804437 1.00799 0.0109329 5
60 -0.706025 0 1.367 0.804437 1.00799 0.0109329 5
61 -0.701166 0 1.367 0.804437 1.00799 0.0109329 5
62 -0.696307 0 1.367 0.804437 1.00799 0.0109329 5
63 -0.691448 0 1.367 0.804437 1.00799 0.0109329 5
64 -0.686589 0 1.367 0.804437 1.00799 0.0109329 5
65 -0.68173 0 1.367 0.804437 1.00799 0.0109329 5
66 -0.676871 0 1.367 0.804437 1.00799 0.0109329 5
67 -0.672012 0 1.367 0.804437 1.00799 0.0109329 5
68 -0.667153 0 1.367 0.804437 1.00799 0.0109329 5
69 -0.662293 0 1.367 0.804437 1.00799 0.0109329 5
70 -0.657434 0 1.367 0.804437 1.00799 0.0109329 5
71 -0.652575 0 1.367 0.804437 1.00799 0.0109329 5
72 -0.647716 0 1.367 0.804437 1.00799 0.0109329 5
73 -0.642857 0 1.367 0.804437 1.00799 0.0109329 5
74 -0.637998 0 1.367 0.804437 1.00799 0.0109329 5
75 -0.633139 0 1.367 0.804437 1.00799 0.0109329 5
76 -0.62828 0 1.367 0.804437 1.00799 0.0109329 5
77 -0.623421 0 1.367 0.804437 1.00799 0.0109329 5
78 -0.618562 0 1.367 0.804437 1.00799 0.0109329 5
79 -0.613703 0 1.367 0.804437 1.00799 0.0109329 5
80 -0.608844 0 1.367 0.804437 1.00799 0.0109329 5
81 -0.603984 0 1.367 0.804437 1.00799 0.0109329 5
82 -0.599125 0 1.367 0.804437 1.00799 0.0109329 5
83 -0.594266 0 1.367 0.804437 1.00799 0.0109329 5
84 -0.589407 0 1.367 0.804437 1.00799 0.0109329 5
85 -0.584548 0 1.367 0.804437 1.00799 0.0109329 5
86 -0.579689 0 1.367 0.804437 1.00799 0.0109329 5
87 -0.57483 0 1.367 0.804437 1.00799 0.0109329 5
88 -0.569971 0 1.367 0.804437 1.00799 0.0109329 5
89 -0.565112 0 1.367 0.804437 1.00799 0.0109329 5
90 -0.560253 0 1.367 0.804437 1.00799 0.0109329 5
91 -0.555394 0 1.367 0.804437 1.00799 0.0109329 5
92 -0.550534 0 1.367 0.804437 1.00799 0.0109329 5
93 -0.545675 0 1.367 0.804437 1.00799 0.0109329 5
94 -0.540816 0 1.367 0.804437 1.00799 0.0109329 5
95 -0.535957 0 1.367 0.804437 1.00799 0.0109329 5
96 -0.531098 0 1.367 0.804437 1.00799 0.0109329 5
97 -0.526239 0 1.367 0.804437 1.00799 0.0109329 5
98 -0.52138 0 1.367 0.804437 1.00799 0.0109329 5
99 -0.516521 0 1.367 0.804437 1.00799 0.0109329 5
100 -0.511662 0 1.367 0.804437 1.00799 0.0109329 5
101 -0.506803 0 1.367 0.804437 1.00799 0.0109329 5
102 -0.501944 0 1.367 0.804437 1.00799 0.0109329 5
103 -0.497085 0 1.367 0.804437 1.00799 0.0109329 5
104 -0.492225 0 1.367 0.804437 1.00799 0.0109329 5
105 -0.487366 0 1.367 0.804437 1.00799 0.0109329 5
106 -0.482507 0 1.367 0.804437 1.00799 0.0109329 5
107 -0.477648 0 1.367 0.804437 1.00799 0.0109329 5
108 -0.472789 0 1.367 0.804437 1.00799 0.0109329 5
109 -0.46793 0 1.367 0.804437 1.00799 0.0109329 5
110 -0.463071 0 1.367 0.804437 1.00799 0.0109329 5
111 -0.458212 0 1.367 0.804437 1.00799 0.0109329 5
112 -0.453353 0 1.367 0.804437 1.00799 0.0109329 5
113 -0.448494 0 1.367 0.804437 1.00799 0.0109329 5
114 -0.443635 0 1.367 0.804437 1.00799 0.0109329 5
115 -0.438776 0 1.367 0.804437 1.00799 0.0109329 5
116 -0.433916 0 1.367 0.804437 1.00799 0.0109329 5
117 -0.429057 0 1.367 0.804437 1.00799 0.0109329 5
118 -0.424198 0 1.367 0.804437 1.00799 0.0109329 5
119 -0.419339 0 1.367 0.804437 1.00799 0.0109329 5
120 -0.41448 0 1.367 0.804437 1.00799 0.0109329 5
121 -0.409621 0 1.367 0.804437 1.00799 0.0109329 5
122 -0.404762 0 1.367 0.804437 1.00799 0.0109329 5
123 -0.399903 0 1.367 0.804437 1.00799 0.0109329 5
124 -0.395044 0 1.367 0.804437 1.00799 0.0109329 5
125 -0.390185 0 1.367 0.804437 1.00799 0.0109329 5
126 -0.385326 0 1.367 0.804437 1.00799 0.0109329 5
127 -0.380466 0 1.367 0.804437 1.00799 0.0109329 5
128 -0.375607 0 1.367 0.804437 1.00799 0.0109329 5
129 -0.370748 0 1.367 0.804437 1.00799 0.0109329 5
130 -0.365889 0 1.367 0.804437 1.00799 0.0109329 5
131 -0.36103 0 1.367 0.804437 1.00799 0.0109329 5
132 -0.356171 0 1.367 0.804437 1.00799 0.0109329 5
133 -0.351312 0 1.367 0.804437 1.00799 0.0109329 5
134 -0.346453 0 1.367 0.804437 1.00799 0.0109329 5
135 -0.341594 0 1.367 0.804437 1.00799 0.0109329 5
136 -0.336735 0 1.367 0.804437 1.00799 0.0109329 5
137 -0.331876 0 1.367 0.804437 1.00799 0.0109329 5
138 -0.327017 0 1.367 0.804437 1.00799 0.0109329 5
139 -0.322157 0 1.367 0.804437 1.00799 0.0109329 5
140 -0.317298 0 1.367 0.804437 1.00799 0.0109329 5
141 -0.312439 0 1.367 0.804437 1.00799 0.0109329 5
142 -0.30758 0 1.367 0.804437 1.00799 0.0109329 5
143 -0.302721 0 1.367 0.804437 1.00799 0.0109329 5
144 -0.297862 0 1.367 0.804437 1.00799 0.0109329 5
145 -0.293003 0 1.367 0.804437 1.00799 0.0109329 5
146 -0.288144 0 1.367 0.804437 1.00799 0.0109329 5
147 -0.283285 0 1.367 0.804437 1.00799 0.0109329 5
148 -0.278426 0 1.367 0.804437 1.00799 0.0109329 5
149 -0.273567 0 1.367 0.804437 1.00799 0.0109329 5
150 -0.268707 0 1.367 0.804437 1.00799 0.0109329 5
151 -0.263848 0 1.367 0.804437 1.00799 0.0109329 5
152 -0.258989 0 1.367 0.804437 1.00799 0.0109329 5
153 -0.25413 0 1.367 0.804437 1.00799 0.0109329 5
154 -0.249271 0 1.367 0.804437 1.00799 0.0109329 5
155 -0.244412 0 1.367 0.804437 1.00799 0.0109329 5
156 -0.239553 0 1.367 0.804437 1.00799 0.0109329 5
157 -0.234694 0 1.367 0.804437 1.00799 0.0109329 5
158 -0.229835 0 1.367 0.804437 1.00799 0.0109329 5
159 -0.224976 0 1.367 0.804437 1.00799 0.0109329 5
160 -0.220117 0 1.367 0.804437 1.00799 0.0109329 5
161 -0.215258 0 1.367 0.804437 1.00799 0.0109329 5
162 -0.210398 0 1.367 0.804437 1.00799 0.0109329 5
163 -0.205539 0 1.367 0.804437 1.00799 0.0109329 5
164 -0.20068 0 1.367 0.804437 1.00799 0.0109329 5
165 -0.195821 0 1.367 0.804437 1.00799 0.0109329 5
166 -0.190962 0 1.367 0.804437 1.00799 0.0109329 5
167 -0.186103 0 1.367 0.804437 1.00799 0.0109329 5
168 -0.181244 0 1.367 0.804437 1.00799 0.0109329 5
169 -0.176385 0 1.367 0.804437 1.00799 0.0109329 5
170 -0.171526 0 1.367 0.804437 1.00799 0.0109329 5
171 -0.166667 0 1.367 0.804437 1.00799 0.0109329 5
172 -0.161808 0 1.367 0.804437 1.00799 0.0109329 5
173 -0.156948 0 1.367 0.804437 1.00799 0.0109329 5
174 -0.152089 0 1.367 0.804437 1.00799 0.0109329 5
175 -0.14723 0 1.367 0.804437 1.00799 0.0109329 5
176 -0.142371 0 1.367 0.804437 1.00799 0.0109329 5
177 -0.137512 0 1.367 0.804437 1.00799 0.0109329 5
178 -0.132653 0 1.367 0.804437 1.00799 0.0109329 5
179 -0.127794 0 1.367 0.804437 1.00799 0.0109329 5
180 -0.122935 0 1.367 0.804437 1.00799 0.0109329 5
181 -0.118076 0 1.367 0.804437 1.00799 0.0109329 5
182 -0.113217 0 1.367 0.804437 1.00799 0.0109329 5
183 -0.108358 0 1.367 0.804437 1.00799 0.0109329 5
184 -0.103499 0 1.367 0.804437 1.00799 0.0109329 5
185 -0.0986395 0 1.367 0.804437 1.00799 0.0109329 5
186 -0.0937804 0 1.367 0.804437 1.00799 0.0109329 5
187 -0.0889213 0 1.367 0.804437 1.00799 0.0109329 5
188 -0.0840622 0 1.367 0.804437 1.00799 0.0109329 5
189 -0.0792031 0 1.367 0.804437 1.00799 0.0109329 5
190 -0.074344 0 1.367 0.804437 1.00799 0.0109329 5
191 -0.0694849 0 1.367 0.804437 1.00799 0.0109329 5
192 -0.0646259 0 1.367 0.804437 1.00799 0.0109329 5
193 -0.0597668 0 1.367 0.804437 1.00799 0.0109329 5
194 -0.0549077 0 1.367 0.804437 1.00799 0.0109329 5
195 -0.0500486 0 1.367 0.804437 1.00799 0.0109329 5
196 -0.0451895 0 1.367 0.804437 1.00799 0.0109329 5
197 -0.0403304 0 1.367 0.804437 1.00799 0.0109329 5
198 -0.0354713 0 1.367 0.804437 1.00799 0.0109329 5
199 -0.0306122 0 1.367 0.804437 1.00799 0.0109329 5
200 -0.0257532 0 1.367 0.804437 1.00799 0.0109329 5
201 -0.0208941 0 1.367 0.804437 1.00799 0.0109329 5
202 -0.016035 0 1.367 0.804437 1.00799 0.0109329 5
203 -0.0111759 0 1.367 0.80313 1.0057 0.0109329 4
204 -0.00631681 0 1.367 0.598569 0.66639 0.0133625 3
205 0.01341 0 1.709 0.208602 0.190454 0.0340136 5
206 0.032567 0 1.709 0.203993 0.184589 0.0352284 3
207 0.0517241 0 1.709 0.203907 0.184478 0.0388727 5
208 0.0708812 0 1.709 0.204498 0.185228 0.0327988 3
209 0.0900383 0 1.709 0.203907 0.184478 0.0388727 5
210 0.109195 0 1.709 0.203993 0.184589 0.0352284 3
211 0.128352 0 1.709 0.203907 0.184478 0.0388727 5
212 0.14751 0 1.709 0.204498 0.185228 0.0327988 3
213 0.166667 0 1.709 0.203907 0.184478 0.0388727 5
214 0.185824 0 1.709 0.203907 0.184478 0.0388727 5
215 0.204981 0 1.709 0.203907 0.184478 0.0388727 5
216 0.224138 0 1.709 0.203907 0.184478 0.0388727 5
217 0.243295 0 1.709 0.203993 0.184589 0.0352284 3
218 0.262452 0 1.709 0.203907 0.184478 0.0388727 5
219 0.281609 0 1.709 0.203907 0.184478 0.0388727 5
220 0.300766 0 1.709 0.203907 0.184478 0.0388727 5
221 0.319923 0 1.709 0.203907 0.184478 0.0388727 5
222 0.33908 0 1.709 0.203907 0.184478 0.0388727 5
223 0.358238 0 1.709 0.203907 0.184478 0.0388727 5
224 0.377395 0 1.709 0.203907 0.184478 0.0388727 5
225 0.396552 0 1.709 0.203907 0.184478 0.0388727 5
226 0.415709 0 1.709 0.203907 0.184478 0.0388727 5
227 0.434866 0 1.709 0.203907 0.184478 0.0388727 5
228 0.454023 0 1.709 0.203907 0.184478 0.0388727 5
229 0.47318 0 1.709 0.203993 0.184589 0.0352284 3
230 0.492337 0 1.709 0.203907 0.184478 0.0388727 5
231 0.511494 0 1.709 0.203993 0.184589 0.0352284 3
232 0.530651 0 1.709 0.203907 0.184478 0.0388727 5
233 0.549808 0 1.709 0.203993 0.184589 0.0352284 3
234 0.568966 0 1.709 0.203907 0.184478 0.0388727 5
235 0.588123 0 1.709 0.203993 0.184589 0.0352284 3
236 0.60728 0 1.709 0.203907 0.184478 0.0388727 5
237 0.626437 0 1.709 0.203907 0.184478 0.0388727 5
238 0.645594 0 1.709 0.203993 0.184589 0.0352284 3
239 0.664751 0 1.709 0.203907 0.184478 0.0388727 5
240 0.683908 0 1.709 0.203993 0.184589 0.0352284 3
241 0.703065 0 1.709 0.203907 0.184478 0.0388727 5
242 0.722222 0 1.709 0.203993 0.184589 0.0352284 3
243 0.741379 0 1.709 0.203907 0.184478 0.0388727 5
244 0.760536 0 1.709 0.203993 0.184589 0.0352284 3
245 0.779693 0 1.709 0.203907 0.184478 0.0388727 5
246 0.798851 0 1.709 0.203993 0.184589 0.0352284 3
247 0.818008 0 1.709 0.203907 0.184478 0.0388727 5
248 0.837165 0 1.709 0.203993 0.184589 0.0352284 3
249 0.856322 0 1.709 0.203907 0.184478 0.0388727 5
250 0.875479 0 1.709 0.203993 0.184589 0.0352284 3
251 0.894636 0 1.709 0.203907 0.184478 0.0388727 5
252 0.913793 0 1.709 0.203907 0.184478 0.0388727 5
253 0.93295 0 1.709 0.203993 0.184589 0.0352284 3
254 0.952107 0 1.709 0.203906 0.184477 0.0388727 4
255 0.971264 0 1.709 0.203907 0.184478 0.0388727 5
